2320
2322
2323
2326
2327
2329
2330
2332
2334
2336
2337
2340
2342
2343
2344
2347
2348
2349
2353
2354
2355
2359
2362
2363
2364
2365
2366
2367
2369
2370
2371
2372
2374
2375
2376
2377
2383
2385
2387
2388
2389
2390
2391
2392
2393
2395
2396
2400
2401
2402
2404
2405
2408
2409
2410
2412
2414
2416
2417
2420
2422
2423
2425
2426
2429
2430
2432
2433
2434
2435
2436
2439
2441
2442
2443
2444
2445
2447
2448
2449
2450
2451
2452
2455
2456
2457
2459
2460
2462
2466
2467
2468
2469
2472
2473
2474
2475
2476
2477
2478
2479
2480
2481
2482
2484
2487
2488
2491
2494
2495
2499
2500
2501
2502
2503
2505
2507
2508
2510
2511
2512
2515
2517
2518
2519
2520
2521
2522
2524
2525
2528
2529
2531
2533
2534
2535
2536
2537
2538
2540
2541
2543
2544
2545
2546
2547
2548
2549
2550
2551
2552
2554
2555
2556
2559
2560
2562
2564
2565
2567
2568
2570
2571
2572
2573
2574
2575
2576
2578
2581