2162
2090
2279
2156
2296
2186
2102
2157
2158
2086
2098
2177
2213
2312
2268
2216
2096
2161
2224
2255
2176
2293
2125
2188
2076
2172
2284
2273
2230
2309
2285
2249
2152
2168
2210
2138
2265
2227
2272
2290
2127
2253
2228
2160
2209
2298
2257
2211
2143
2299
2142
2122
2091
2148
2082
2260
2215
2087
2180
2080
2306
2258
2119
2167
2100
2194
2235
2146
2263
2223
2155
2311
2297
2212
2200
2104
2304
2305
2240
2092
2139
2229
2236
2303
2085
2274
2084
2190
2174
2189
2202
2201
2150
2105
2267
2159
2115
2169
2276
2278
2203
2185
2256
2170
2205
2271
2195
2292
2288