1111
1222
1333
1444
1555
1666
1777
1888
1999
1211
1311
2151
2248
2269
2214
2116
2184
2178
2302
2099
2264
2112
2073
2254
2141
2101
2314
2181
2083
2234
2307
2218
2308
2196
2208
2183
2275
2149
2266
2128
2140
2154
2106
2081
2093
2088
2121
2130
2300
2171
2289
2222
2103
2280
2239
2207
2094
2238
2241
2193
2107
2137
2277
2124
2295
2182
2166
2165
2191
2111
2251
2206
2120
2173
2079
2187
2175
2232
2179
2237
2162
2090
2279
2156
2296
2186
2102
2157
2158
2086
2098
2177
2213
2312
2268
2216
2096
2161
2224
2255
2176
2293
2125
2188
2076
2172
2284
2273
2230
2309
2285
2249
2152
2168
2210
2138
2265
2227
2272
2290
2127
2253
2228
2160
2209
2298
2257
2211
2143
2299
2142
2122
2091
2148
2082
2260
2215
2087
2180
2080
2306
2258
2119
2167
2100
2194
2235
2146
2263
2223
2155
2311
2297
2212
2200
2104
2304
2305
2240
2092
2139
2229
2236
2303
2085
2274
2084
2190
2174
2189
2202
2201
2150
2105
2267
2159
2115
2169
2276
2278
2203
2185
2256
2170
2205
2271
2195
2292
2288